10000
193976
482906
359338
55570
786421
406857
447805
731838
569673
624306
873385
374003
964524
580941
526136
945922
441811
79201
58334
903065
982966
339503
278572
6236
115680
521941
225053
431021
269444
156508
174516
889061
532293
203902
48618
225083
838956
487213
422257
641396
619634
872177
521981
348859
186066
171347
187345
13071
377744
417707
468532
261321
500631
762404
982656
865125
512962
796845
430418
865954
890057
275520
847677
270988
252143
105276
901441
541915
884549
590328
923661
626087
472321
992366
224825
429359
70780
167907
580277
775009
424290
98633
336190
857386
182519
701402
129424
348714
993854
639376
853569
900256
288275
285866
61678
791369
758583
240993
837039
436591
514063
481035
48241
678929
893199
168934
242195
704460
2636
289479
233370
244395
540677
766603
773400
884507
282581
446372
308342
669474
350778
406745
496416
357314
344747
648438
880859
513055
338666
107940
60190
494330
392550
150164
798738
939069
281926
856609
612525
404837
287966
17693
797238
41056
81321
764405
137353
369888
593882
252677
558868
583850
636691
545307
376197
45989
883559
990886
216619
209028
70642
127059
854836
687315
380591
899435
834920
628665
74391
143134
532363
752702
270393
977856
143612
340232
700812
572398
471383
561145
427890
715046
864287
939369
569449
866240
396706
191119
189525
883022
523493
822000
453886
959153
283018
128893
70991
72622
274554
526498
873760
306138
764680
613536
323744
283032
644901
300662
572311
203355
595350
231238
353469
389008
401939
448717
957810
795314
144841
758984
75359
836348
680719
160239
70583
837047
647541
5679
234319
900725
822470
142193
899614
753067
530708
578500
24350
640331
812125
52313
877066
33047
670230
974694
462286
501570
704449
286124
721952
258569
915967
852605
71825
896337
133201
813942
308022
609184
350252
859907
717548
738098
998753
966877
172510
442541
567291
757804
264287
544602
166340
287145
485701
507865
933787
221346
941999
15000
580290
546826
588539
664634
615285
528069
912311
511481
64370
161568
596979
73282
498933
188997
713293
518205
805803
796643
171496
414550
795537
187020
715845
873189
809658
893295
603357
587406
583946
173907
341093
104020
882442
777198
649484
843422
864101
577725
730621
114199
873267
746882
781553
291645
103088
93530
728074
398709
490246
473682
906617
444163
760660
745033
656600
726834
442316
690457
464427
527647
417893
264149
371118
458482
391697
460642
243328
286644
588172
528235
479952
750531
551847
167167
878122
194477
900788
924491
901384
943260
620482
742137
713164
889578
986554
679594
442157
191590
383741
271203
396069
516574
473473
399810
328948
24758
369386
237050
162491
946230
896297
371997
945970
277378
871877
643629
16860
852186
251186
136109
322611
97778
341338
761093
344366
623464
882275
309474
508076
40572
687629
185982
543984
504012
557664
874136
133782
182557
895463
339375
985895
678424
858098
535562
291111
656539
653004
466183
906841
893974
706382
128526
652945
51064
530267
324238
484855
249367
377839
294682
906578
107050
256668
775083
855335
238588
166607
199945
658455
656945
317850
36504
514051
873494
477978
52994
607250
817167
564945
273647
376158
183324
813328
598892
219585
256792
354398
723372
933040
620123
294790
499272
573071
660554
633913
80156
251235
639550
315840
317589
892531
11414
361562
254863
898580
410177
448298
13814
639689
302222
356727
604775
624659
247398
440293
358425
300991
656692
528691
347910
223994
266351
309339
732267
118192
470621
442372
784580
270158
999645
716539
410757
639429
646464
155658
504468
469681
977441
618164
641652
505266
810912
231057
997073
627121
199091
395989
773796
65983
604798
752251
630536
638722
212856
74532
709249
180909
387903
71223
445001
449514
240160
879659
526316
59217
377875
559442
795483
555054
345543
83772
740059
953056
571262
876664
68162
621548
603950
527658
53444
710766
40619
226064
769997
727773
952404
197621
512535
31278
448510
899274
100826
102914
749639
511781
719147
201293
432291
401724
244982
189215
146614
171840
375407
297829
74671
955070
659006
845322
663639
724060
701076
950681
953021
605667
292044
683552
537332
569464
326571
621483
899191
766083
702153
816057
194443
704008
134408
441007
199326
604959
561333
539747
948997
464816
335158
65687
777257
680378
589852
65423
831301
625083
530590
867722
304685
229213
139489
67906
438971
930831
920123
364710
674056
322736
715972
155062
895384
779085
284514
141030
14026
752599
435713
35218
253908
987850
674972
992113
548712
397226
337109
512040
608927
655382
709371
628366
928930
6581
357553
178660
389631
665971
814206
650585
62951
331486
429588
715546
416158
271663
800347
894436
216121
344313
779611
564723
187312
170341
739584
734443
803787
982681
953609
379145
541442
561656
194082
970495
11542
803856
640263
339829
813152
711003
985927
724380
891604
227945
727537
115139
369149
695003
582019
501639
619680
973790
574674
804578
369492
18655
682288
971405
421700
379337
132814
183193
284576
646823
987378
621959
330524
407554
850297
286516
296507
192652
305255
32418
40614
756076
926304
86488
191262
381775
873083
956450
742618
830479
463503
55122
488644
264683
217737
350349
259981
809651
95481
856698
72153
253821
564804
455821
967474
217654
757567
44736
110486
137154
591590
631552
957681
933578
286352
408762
583302
351253
239166
901975
839965
998989
910790
167247
133109
863398
340760
835362
530166
118112
245736
218570
758814
549664
779233
979400
491378
569852
770416
380705
314138
43130
974243
875190
766906
72729
702474
88173
620722
305799
876957
762114
951899
252583
938552
589381
541719
819506
260605
331810
799056
754779
124671
56052
754419
162234
738301
306904
979477
480917
952908
984850
759110
634934
290835
105214
921132
73788
764432
665561
946302
315241
911514
967902
977036
822918
536151
90961
249280
90792
608760
856031
70353
50352
470511
971291
721020
152253
642866
798058
205192
430674
702308
539276
85610
78395
20379
247434
557873
813244
965200
96715
43155
1128
45308
773959
369002
418029
541386
577041
586036
904968
594428
785471
633788
813571
689996
284949
595629
706953
548744
734665
864806
161367
585264
589037
304341
551631
243226
194369
677428
248219
275833
463962
158098
245306
638071
565157
801929
626897
995174
787106
335648
871572
779349
289684
662548
910185
291534
358779
847406
539638
530603
598425
376879
847135
519676
541896
489125
886083
55432
547481
771862
945763
176628
373697
820313
851328
702238
739068
900650
950594
53727
162116
451898
353638
636967
531848
169353
345780
240294
861663
621998
855192
142907
599399
297870
766049
32208
936643
214946
173656
952845
437875
355118
407976
304666
919244
592203
448809
979384
56233
862384
798418
26226
249716
907809
62300
247276
264056
732997
72251
208539
693272
187280
710201
782352
170996
552142
208805
464829
929666
487491
524540
301797
726893
338971
267738
798652
884812
101119
925481
229925
571273
453775
251975
888734
219320
405394
288611
939479
481876
30530
888285
337857
843685
661962
98527
196264
147565
196306
135422
933485
386587
337380
883992
795752
64604
913240
390333
540954
850502
705979
123793
588836
624779
427026
783091
119608
995129
919578
35326
235536
364394
537033
866610
414153
662113
563677
580703
685553
473458
933340
13301
773729
313112
61005
626974
288943
869408
860194
166999
728679
911782
425565
981134
458532
61697
189650
639946
94713
354886
248233
246745
837028
210952
576348
977264
294751
967825
670650
810195
755171
992097
709196
791189
155321
165879
6578
195484
986575
221593
552413
740409
222757
489678
166465
885510
576078
598278
950969
714616
206472
238059
481490
918718
309435
133930
704948
267433
839304
270133
454170
461457
78038
500278
781161
879436
542243
796360
759830
973198
491476
857681
72167
491701
413866
948242
467871
730354
827938
854055
156490
104604
95605
627559
78313
41
578694
521295
726497
518320
997003
822545
208276
392264
127305
317570
900039
307225
49408
552753
530171
387511
738059
151330
287110
589237
746110
955723
346720
365227
90560
689130
766608
179807
387488
389975
703315
364526
902336
883137
819196
402890
646435
143034
700066
145998
10450
2124
980140
619905
728827
100678
464804
972426
86082
370522
115264
641249
395937
678499
385
905231
992088
580003
621163
674522
536897
579468
921376
334293
378694
885949
844202
70338
92866
259357
421540
599861
263762
271168
141776
971475
645026
370790
370721
652594
482181
14402
922634
792390
473086
932256
484991
374796
21933
755538
288021
878465
374086
684082
191908
857895
502270
751981
143775
305837
851688
394023
830614
332469
210437
67315
646097
972329
270565
748355
621890
230643
633269
139288
914756
349997
317061
756255
918573
495830
845264
81346
627109
601216
672867
842992
729887
813294
123229
399626
174066
810275
336933
605632
720626
3415
801956
789809
316675
247939
892391
201555
931068
426219
516391
144365
682802
87729
663026
642765
181745
249385
215808
349419
905
703416
846134
838830
199
882760
560828
105595
333537
962323
791310
246110
656920
112439
62055
317493
256380
730978
210873
286639
959513
397878
535989
492256
345179
723504
449537
797846
605498
824194
283494
450655
279590
408327
97694
27240
187829
320169
534275
981991
379276
343013
602204
444530
964634
270523
310771
978122
101190
653290
390384
780098
60862
919442
616309
300015
368531
781734
534
322335
949591
767909
690461
276730
17652
927948
898988
587016
932946
723879
511843
791299
904387
798489
367344
174522
425205
218091
542060
537629
846492
993812
613923
701565
36149
452530
999834
108481
862168
337586
103797
117926
850141
264086
285291
923472
223015
953570
661332
333549
956319
615961
951043
697508
854939
776547
822657
721658
600085
934111
392086
296119
792157
722346
532429
995463
95209
817499
169931
658564
391875
383083
337202
536173
86246
845259
163360
230682
378031
933037
780036
903478
32301
686962
69733
373713
11897
49037
358208
956744
156659
394120
641785
994538
63131
402210
330966
967269
145985
213950
259153
300881
270151
820073
85929
33387
275114
777341
293496
431081
141481
310906
869468
930134
489096
965878
361760
786674
635479
161596
350265
894374
155109
834330
267687
612267
733564
264656
334784
484818
942675
409212
165003
396930
401513
245518
539834
67482
359835
37355
187067
101735
462428
884352
124891
622365
392984
525358
294317
527526
325181
408505
419157
906694
505511
363243
257842
677864
381599
318978
52104
387297
75159
749493
218737
185856
94503
156746
148026
547841
782456
52415
263852
806365
777882
553381
946632
988572
457455
792267
695398
736507
314401
98303
50853
695108
478905
140570
320064
125063
19253
172887
881874
203696
61024
548390
86110
259988
201717
200901
799269
182782
756246
170621
953733
72312
657915
681939
665630
696435
763675
251399
194369
139457
55226
784176
548575
228881
333730
605898
341248
340247
244596
949176
450254
793253
890879
550592
320082
500029
657776
345291
125280
386145
123099
131036
316950
361634
302369
32925
52597
853872
565581
666052
809100
362319
750844
636884
955848
396454
617195
864625
631431
198208
394252
762753
508732
394220
224620
148537
965607
906304
6591
344398
693485
889863
577677
268067
223069
296561
161133
720458
459123
549053
185947
971009
464571
431524
127798
855137
474481
992967
710899
277079
481024
832807
431614
20569
689474
387100
433523
640852
406004
213761
955190
460718
116709
893115
891867
345796
28062
110991
674965
134985
329062
863231
177659
974804
285529
138724
102997
941338
933183
557644
210860
174392
699243
950980
276444
159591
16422
553631
185076
441787
445577
983629
115947
308860
211091
752789
710409
345504
599621
615242
354652
999458
828407
893564
181897
243182
82495
575416
286388
722105
915874
514702
485563
312165
812170
176887
945076
181565
101245
121451
615466
234579
640344
446896
608187
343419
146051
328398
567989
715345
192419
115375
642908
779956
170495
17908
2133
436044
655890
812184
891735
842702
138253
129095
249563
717937
868888
433321
514811
378902
271503
635800
4092
825386
990529
877447
294159
274489
101425
197953
678827
949679
455525
463620
402885
242003
598501
54069
904001
783561
10299
866372
666979
271756
436783
883558
888862
311198
864234
435339
551356
929827
829539
298347
527913
886255
310276
238105
277363
698053
71831
161036
198198
275324
188641
339601
670749
873067
358995
179062
895183
533275
208267
608165
425297
929614
958174
583887
528412
634157
957431
248099
846916
699284
834626
88563
834264
681316
42115
417041
70349
430109
213471
776191
519805
933021
115327
809715
438922
712503
316192
38923
395649
102058
348652
407420
252510
663042
854806
677339
63369
116913
743405
172415
390090
656253
179984
742899
619976
97335
710675
626383
631363
757974
849822
338960
852958
932691
182556
722875
42090
924119
16088
204906
441588
752996
319620
459777
713765
505216
999709
699274
938526
662292
154325
667678
318436
800981
448025
676024
541054
415329
51479
699788
243593
982340
954370
693552
609942
881923
889271
954816
974309
250481
657129
273931
271197
901144
84521
58809
133912
733487
549308
229100
620611
343784
302068
286719
977673
611336
878895
775425
235349
215854
437172
221125
821357
393974
294491
690059
214770
657202
40820
276949
509677
39139
606808
767090
987683
596449
104803
518849
425355
83771
760865
474579
639645
68308
493185
363385
439126
680362
608005
998586
471865
227364
610957
533211
716360
628419
204264
767028
748038
230288
360023
482943
691512
519497
203710
194112
265159
491893
842054
998174
884324
25009
905470
714741
584530
771659
589867
184202
299822
392608
68439
197949
856247
481602
156777
288089
598613
663257
917640
51806
61691
298649
328340
904075
956525
145332
244700
946760
529625
565259
916244
337654
943183
569749
643719
29386
850240
340190
243781
449523
558478
548037
220
101292
200129
162060
962029
78257
571760
145207
638322
866774
137080
210429
67720
381894
305233
279249
433614
141227
33843
826113
50926
930708
850109
475544
343175
283224
622612
610092
244452
501174
382625
572736
238206
475286
848152
575390
714922
459385
186380
720966
248755
419039
842355
276897
979386
860658
485361
605654
394822
390721
79845
341006
261142
262237
165747
279781
125321
165473
367755
993416
903439
930496
194977
522294
454216
915211
733442
315248
186149
742736
402334
904647
378543
237985
148560
768015
446454
460424
218433
168
262264
785248
978436
266464
701738
742772
805869
546892
448405
822629
730077
979074
516705
990170
606795
296033
674419
424475
326270
401466
774625
33643
658119
302468
177368
583927
405523
981603
473305
92653
552061
588166
457380
416186
97872
960382
411704
917362
593782
174805
655594
248753
371238
373157
784781
839160
453716
783968
888937
22002
57010
152479
272770
796826
701286
846651
780767
942862
273634
804115
483773
119182
6389
52725
400449
31006
803789
213597
225424
328715
203079
167301
82579
29900
546888
401283
283555
689658
396679
433541
780351
34248
954228
61987
51470
166541
977685
573568
619412
948730
602536
919254
415979
208763
276786
570934
473864
957467
22336
127916
149277
195035
435553
683243
920159
585653
702277
325051
162360
282628
439046
993432
625595
843890
779597
973246
946574
640751
22494
788985
740084
162626
574261
82742
290720
408147
375123
167681
879189
220668
438234
846026
244147
334066
930916
488126
401438
913990
370678
151387
306853
991139
339358
704261
475304
329314
441801
753251
199525
514887
592236
607527
996255
973310
565861
66739
587322
838635
827950
386897
357716
520483
243651
181199
198132
986102
664708
879187
302230
580774
787060
302591
653912
206613
780383
694185
827608
682502
179320
667804
690711
162936
165778
419428
949244
266092
379527
457295
439689
190454
3708
239777
939071
586661
256783
24778
874076
430624
567846
122813
577518
259331
315445
937172
909959
873078
986637
777581
176190
497363
419564
501016
602599
737643
479916
411054
657841
245169
153090
662917
728210
194686
966153
713025
91346
57575
747468
72174
308677
470223
596000
362422
513163
920472
693618
200104
487536
544182
163419
914534
618
120675
649214
580335
610660
677913
816717
947447
812126
974141
326363
397917
842015
492340
66422
626136
146832
528073
202077
784846
332262
845381
224603
406961
713789
81168
907020
225406
229750
409839
881595
558052
765182
394434
752193
310615
213484
664061
580443
930493
336723
470871
614053
944379
538860
801205
519289
705839
220558
367186
253690
357577
336362
702701
297394
593193
972261
190288
652910
812500
297968
208933
249414
584572
647241
107192
951626
964690
962772
49200
566942
564227
235388
705301
13812
886985
753619
214159
34515
923756
726574
561375
92351
134842
863185
956355
336446
74695
719861
391603
849137
866500
728270
978939
198865
998853
419257
766574
678912
72088
709142
697519
766205
736812
536236
696226
826635
496511
803500
603234
72518
769938
550782
721897
976036
252253
100797
236435
779879
993040
600005
423767
296888
375548
881407
620203
802109
365261
894193
406019
681419
211858
572171
391837
236987
208115
280494
745971
180111
220241
198661
496688
686471
401959
759711
280521
45304
106042
162489
429656
230296
441672
478421
66802
244417
857721
844294
696219
189769
906174
375270
43399
198541
847123
542440
879592
67851
600438
44512
799138
692281
520652
428761
422847
690009
532368
863652
746704
593264
862207
689859
559020
744344
207548
887799
29821
119202
365710
842465
936412
79227
171642
845902
438706
110868
532870
648117
910181
180095
3762
221783
673909
590833
373530
141165
360749
251347
753340
708884
246897
265813
604565
563309
457693
803368
685345
937235
973989
945109
935354
82421
112677
877608
280408
469910
838056
365964
26418
314347
741603
380096
784151
648728
487148
260685
406504
336049
617826
371992
20826
27207
276038
443243
653317
494683
967282
270412
278001
570880
583422
115090
235345
46738
799308
314177
359273
178669
742816
123572
393221
436029
675892
844713
556456
788499
821606
292469
218855
450935
617271
285358
979865
159439
828408
65867
947869
626916
160011
308739
915689
785819
310897
731787
287796
991880
682942
135291
842588
160554
216
559176
67097
263375
443803
533150
242627
937585
689630
787275
213864
599298
676992
832159
907574
493055
373706
570798
479746
95761
468419
27063
898613
248800
896057
535475
129116
85948
200472
340493
644329
672672
409917
924383
108146
986401
562757
212122
413830
735819
5626
426377
52260
246630
179958
292532
932671
923349
909635
994082
23137
951089
592669
263461
74447
501602
486569
645596
332921
306424
725656
337079
171508
8136
690385
978673
267773
462575
786338
415660
819888
636487
972929
385453
325936
297872
260285
354398
905629
759499
811620
513614
402625
989601
927387
789718
32835
777712
966751
626476
666498
320145
189536
459903
711239
283487
52529
992132
480627
371811
100580
288022
735346
562943
402195
61904
797560
275
240527
141672
542934
446904
868005
271317
937078
273409
8511
871760
549851
336516
497391
514103
200022
98838
692749
631993
989637
340878
655209
538893
899566
244419
811014
32611
94995
986658
600874
794280
360616
557108
994578
458573
39433
451146
745095
575428
763501
67117
324149
788168
169622
242755
243618
659643
803334
43494
886806
107778
515334
301642
464636
322150
547919
148162
164371
836628
464292
210617
879277
376678
180313
412316
296972
815340
374536
488927
73211
539407
910008
871000
378248
188730
686684
660705
580522
369323
558515
382892
54253
709022
169187
945617
858322
188906
51541
276451
497217
599923
260364
888917
424415
873314
350884
163000
689576
356370
473331
58251
809100
924798
571407
759102
862568
234260
651267
944068
834995
415448
80601
797183
765473
37922
460867
933928
790886
507114
341124
666228
221880
519928
764289
283214
568072
465204
969119
352205
521262
907971
437605
848121
396996
124067
495136
45137
959876
650449
734468
379072
766066
796042
977987
433328
48665
987082
286275
324893
303818
721164
311689
14210
125878
288822
1231
663122
233461
324801
321726
230763
828746
550340
318827
978237
528817
174
505386
701724
52180
782098
850148
695748
647640
575533
752673
659768
870086
951421
69043
831917
845333
133972
886093
643895
82177
71902
122541
78537
147722
291139
174195
209061
478508
724819
73276
735862
700218
51263
829193
741161
988403
472793
519054
118977
7576
790985
527179
695337
549449
774397
730939
845434
429008
764967
825769
533646
371518
798140
920626
612818
38827
661827
36812
38216
954166
51323
524074
23225
341181
710516
535098
842856
105693
658338
861936
474223
203641
672979
374710
634024
658251
349181
928199
384391
591891
79492
687514
669524
90425
366392
8526
728637
104417
112244
269633
837955
477615
374573
475097
286338
13259
610962
812
466830
924406
867434
874510
397892
959376
966290
899240
538736
257775
8813
352191
357890
771529
515752
159840
994180
37083
777437
456535
227612
610026
981689
662265
761050
429274
382910
578859
881995
646193
989400
293318
43196
416688
632943
567394
991386
755178
466242
364216
678560
768156
683903
191467
393613
747424
193306
390884
926185
441344
926554
971446
649231
649456
171121
962740
844522
804857
52567
891890
692158
520031
990155
472217
381399
225204
975051
397353
804783
791462
388334
386818
735678
962514
592974
266330
505468
537104
793883
307923
508152
85065
505274
184514
332922
558858
723294
876983
482695
494030
601832
130493
844186
438400
540641
769664
813851
214379
220053
217843
952554
309937
532299
231368
887094
768364
520125
651441
997709
734990
194803
726181
953347
942102
935380
216942
891443
670563
262971
291385
910230
124103
240905
602914
671479
791961
932891
320219
736360
727146
60766
337207
645266
481313
30622
692011
881431
228939
215571
255097
494164
551878
808004
598383
998176
795382
504080
542542
906753
45075
867019
270316
832429
738618
612122
666869
403567
22167
225841
824119
579732
898187
100105
325199
135652
879171
940633
919932
972271
130371
367025
202565
787407
101112
741776
132292
101805
796744
210138
67797
265794
992388
282328
671127
600682
515325
950886
132447
223768
673957
981723
142720
317099
33778
959654
634273
746638
242210
687021
157300
150576
313983
423970
998752
499067
159389
529509
749014
973555
375864
221468
521296
768951
731417
400689
341742
76974
755665
750827
305710
251040
715957
977184
719721
826076
507018
833346
884088
741024
911988
563223
649051
661028
470419
845820
985970
750693
42284
4999
538802
407978
327661
346213
625166
113568
411415
478144
285537
918897
504401
41336
129025
731254
273241
539553
563458
111160
495819
314886
347647
778526
31945
456716
389660
108024
597418
66242
555604
246480
338963
887717
178812
333763
384594
434328
737403
320019
282708
605403
452777
738483
34713
149991
97858
322121
578105
737681
330533
43931
696316
826166
237067
300480
327547
180172
3993
275857
462106
407104
680313
560972
16603
758978
296372
418972
151971
805102
465953
512253
559547
154979
418843
923928
230616
577294
469321
673849
249917
568314
319968
760696
559607
296899
574641
587292
326767
90453
326228
864800
837922
523473
818917
373563
845181
91216
616599
232229
880085
513914
160305
947072
233331
910528
715602
442381
487807
287825
657979
922627
839529
800548
296575
86968
442998
353859
710112
636716
920639
182179
880797
265567
174766
295572
266414
255675
29117
508742
713019
922538
797608
217892
269772
944383
341545
647565
650574
491263
848086
392060
230072
137694
841569
642590
99518
411144
528024
84940
813259
988451
795787
339889
588839
783393
974597
976004
663804
162618
512416
903842
439608
963418
972853
761615
532809
357804
949495
995109
251557
9176
737091
869444
899437
576826
666110
280669
314363
650166
273566
367988
491052
339477
642593
877782
133344
190005
123214
335556
136520
984887
910755
453723
105112
59843
121161
492381
319969
698551
198116
263034
809570
374278
743503
295165
473642
207537
559181
512937
965997
323966
770365
225597
417635
394590
954295
636081
150094
611285
641006
521890
430930
617006
644738
622663
915842
386902
482950
255262
173582
173012
205642
769772
569740
593537
815980
308482
646527
139759
371527
671901
739403
578781
992205
186805
78892
935965
768643
693927
274254
791777
974538
854791
510130
89318
361295
30581
26188
287830
556589
21546
91499
21442
706456
317339
841635
611972
138407
971539
72538
598019
249045
765590
97226
898941
460081
544818
394817
45812
959303
133937
842258
306118
227659
241297
69554
892002
958155
630427
473859
917746
384086
841618
302088
914611
293436
663921
836206
117578
985305
379021
665611
865241
634074
534659
966677
996909
765764
224575
769115
761987
126869
862324
417249
489983
616409
650195
212072
636064
265538
61363
641725
903334
310639
964797
950428
410758
945547
271191
710994
130866
158787
762893
988269
546146
465643
142529
742766
908131
489279
854962
331445
766703
422111
99203
235647
554523
755388
178065
584488
951211
22796
342167
669084
425626
269768
376643
109140
755313
1094
577015
752726
356175
429889
872911
671369
84348
671211
671493
53127
915155
783565
939110
118729
559220
606618
527651
672624
881931
700392
560457
606027
193507
82001
191977
247297
963743
465338
921331
826977
510663
43167
250813
319793
834040
971176
821717
504764
479517
432801
362402
301516
651832
407374
10354
596645
718602
185114
540281
202307
601126
707821
256271
18870
124957
758293
437820
685678
246581
851524
431418
285066
633749
839710
929924
567991
747158
3651
910534
970331
8268
769613
817050
347806
751891
814203
671793
974733
649281
189067
13905
305594
264847
676408
61621
135508
433823
792271
137291
775650
643044
430285
675216
128277
231035
466479
291283
230961
849775
677855
758434
204311
757374
280041
145054
504657
260183
985599
369248
131494
919975
896324
470072
852028
685953
460413
862972
521290
503471
642685
29843
723897
661401
551879
28496
375071
699654
851538
308293
751183
57853
426482
898560
963516
681268
589009
882784
559933
799596
586603
143492
439027
858190
67732
406802
153457
542099
275065
544653
851300
154316
611331
902111
106819
870676
239229
730674
831561
520805
500092
593210
605540
881364
863316
432128
422223
178416
682734
793791
722125
656779
974283
300028
68266
895179
692377
799084
85236
222114
624708
128121
135108
570111
457236
687045
956248
683831
759817
510129
413711
634615
186882
254887
253491
128121
11063
249440
981879
396707
719508
218646
519318
715221
100177
535033
896493
655314
972484
472817
744564
88679
997708
758825
417536
535648
562137
458469
255611
245667
776691
292161
813610
799862
192478
334196
285382
960305
637669
29575
359885
222185
866731
555480
722215
220151
230833
66997
902824
392134
384297
433012
748624
261922
266398
860202
891633
416943
737520
697733
991716
28612
217530
420192
758326
223540
847158
122390
10040
316824
957071
997339
772642
659709
647512
773075
269923
942195
865172
257197
266738
411383
149042
992845
812477
847847
39388
518288
211900
526142
587237
553322
284379
287161
523897
291962
149895
898281
619177
797150
27638
28944
648459
321108
603326
667282
26740
275049
839152
719512
21453
988984
215146
360332
904026
980267
246515
515404
998505
461317
879435
932004
39818
210963
92924
288036
998885
232910
246676
414120
279135
543423
376854
29025
189435
226890
781499
211344
559212
688971
693633
266798
693783
631264
87113
727150
130069
252732
800928
666218
835461
662321
602602
234559
913901
784806
661688
992080
975548
147428
374785
954223
864921
547785
250537
717274
800221
412957
116018
837476
464286
982340
404873
352410
930095
368065
213421
476239
641365
67832
413497
11324
793697
580256
645726
769427
514519
368648
329689
851114
410722
33204
159445
403748
636362
969669
209561
552900
310539
192077
581827
124985
519537
507310
967311
464523
401049
633098
109840
146117
666515
120313
475812
150250
219280
265977
591537
965858
679345
970313
954139
76141
53835
255246
478724
460305
48263
123132
296359
77282
395025
247976
324858
437118
577837
583775
237308
46046
739011
27482
276604
936020
811086
233266
942635
398712
942613
738103
937249
161044
799567
97841
257983
381464
35157
610562
758361
314535
886407
215641
980466
729721
602934
451507
720556
56821
422432
240583
920842
936549
540230
384109
499663
930609
877677
6628
830026
438557
931030
772850
637820
969751
256616
124830
849268
647103
461605
854638
134070
282694
492712
602204
75663
973399
964818
484006
912164
296341
454392
666903
339963
207996
973361
69635
684193
572859
72368
988036
927548
795700
980920
405139
571864
24717
618515
664181
573429
718987
305940
747021
24077
270576
438331
121739
494750
237280
130243
169119
511518
625428
972865
66332
458544
612146
909676
924160
948108
864163
324679
264800
666504
706151
56971
755327
418940
547950
311549
256139
756055
734273
784964
355322
392006
385195
188544
875138
409119
647927
530230
573665
364092
555745
101990
293679
458932
819375
591339
399518
56950
22884
752665
955427
282080
6624
392022
790645
447490
923652
71576
572816
765654
589873
268243
579315
204720
308056
118529
612587
210303
729611
363943
710199
464006
925030
378549
846828
623988
414249
533000
897498
514536
868652
892812
819983
200633
524146
744312
587814
482835
834199
787298
779132
707119
316905
73686
738794
495730
259153
527686
420674
660299
909200
76241
180369
651293
57366
859640
506142
224001
660099
442072
58094
145085
889150
790175
203970
337703
304483
809149
58844
929161
342991
730868
757870
762596
277026
570449
40696
507519
671262
650859
716465
35992
823815
592219
184277
100776
641662
80492
824966
765784
882016
41427
92408
157265
499757
731646
317666
911006
360497
388874
884142
516266
555821
924728
313956
592260
471589
163593
238548
63167
883298
135166
337876
1558
368713
446550
212483
999905
573575
346346
785393
223884
117229
871866
343891
971459
717966
864236
573770
304297
898160
843713
609478
809563
28487
297047
697047
466796
536674
611540
704144
526702
118247
657428
493581
974037
976998
495574
129947
840752
344282
909430
995104
192950
506525
35117
419755
527858
706608
584635
639716
579540
118746
61485
65883
608242
314637
438361
200267
714707
443827
275205
319554
356672
348485
573148
61972
257675
747780
568335
621096
483017
859993
977175
600706
446151
41241
492331
860914
153461
805534
241676
492216
20745
261292
552836
567449
732117
241358
858589
18640
44877
642932
476598
151899
819933
839533
74230
909606
607564
195641
915063
444140
986817
832516
661535
878418
954310
180840
204315
172446
236584
674949
61485
452308
816269
41267
469884
393697
413111
388553
149034
426358
482370
316071
195631
593378
702330
504096
315618
400533
807055
916982
894018
578551
992232
74864
244415
998557
149204
256531
764218
472242
797667
397170
769212
965898
876175
586969
597275
900105
882272
560636
313002
76928
301226
292224
754474
683326
736545
781176
527972
65756
130632
173121
154041
146876
166049
749670
812627
213440
759231
826526
241283
491364
943572
558631
177316
511092
93922
340307
425428
207258
785818
545552
143881
772124
342234
972847
988975
429233
419326
655532
781912
25120
747872
784393
898341
151019
50407
304905
962947
559172
280494
879848
324617
535612
469845
643586
352338
400406
176888
504858
589940
846426
569365
732210
360267
811905
777744
809384
933854
695055
118065
78200
158366
349788
345533
434960
988974
98606
122891
255179
364691
414970
549922
338772
460435
377615
306659
232709
927403
469555
874157
413014
540177
735227
656065
841108
489873
861985
883739
11290
624402
524495
362620
947426
131925
477943
998661
907177
299229
220546
675003
742148
907663
591581
579955
245227
82525
933911
138109
736298
900817
888262
793333
833070
522080
882425
113199
886985
927855
811251
618269
333439
260956
304484
610279
143727
419585
53219
611000
666481
361461
966250
341982
723720
882930
261101
839671
131769
896559
13015
763011
527425
784597
668402
952499
227509
104738
702720
723128
314570
38713
605944
537431
399431
617717
517019
852497
35135
928822
18873
608924
180104
230643
208314
466391
559353
848183
362394
498234
189182
791129
267437
954693
867969
750071
640893
917619
364758
157738
59032
418680
376223
477597
955226
217055
400156
826211
640475
808731
91906
879670
814041
292463
615241
387236
571188
367440
945293
216267
846958
729006
946626
989632
56014
602584
130033
403622
365098
444838
964550
377963
352529
644856
687576
140695
197139
394277
505519
892625
441017
881828
756447
768338
941739
437553
59235
528262
429394
518967
302245
625707
361344
976773
283890
745546
606179
590989
879374
326801
598858
366838
428844
876241
548490
651888
878733
863197
693311
350157
379588
938774
804204
580138
909640
744633
963241
807111
142863
668755
118375
329942
736703
332697
368286
834485
433933
796564
604683
894787
583921
458887
567264
967586
657592
699187
961218
404295
860844
449593
812457
970931
228623
759206
447232
879356
377330
301210
442386
68222
583234
740513
62581
914441
675295
842692
742579
118054
784493
830485
65139
273274
497217
420485
691999
411609
430335
415844
186047
244995
975029
223497
561025
79448
753840
773899
87702
83976
869277
426427
814806
408595
136310
824336
988494
546862
799119
880257
629737
277781
319857
826398
151371
180568
859317
970523
985546
57798
462045
306189
514015
117848
460818
458582
446653
787017
241933
811042
971254
844313
264842
431307
970711
117459
653310
297420
706515
795854
492381
646692
164825
535962
539674
342582
900781
262595
537586
514594
622834
643977
52007
743088
601666
333343
755892
5547
981129
965340
753693
990914
210399
472282
906349
517066
898002
873610
737433
716974
100137
489785
574702
949960
663312
447387
210077
985290
283269
974483
471899
514454
610576
301995
983115
487191
312846
902166
577071
376763
613409
877681
251132
857044
47587
427372
513171
164014
158366
513926
737102
868196
604299
684485
141475
991523
479117
850541
504940
26975
865787
65146
500526
206822
660927
231990
454775
53746
854786
764018
262630
74502
774797
777638
712940
936528
578928
465312
173983
48765
503244
137137
5558
617053
538218
236565
468192
3220
47387
65357
384476
325574
528756
415050
725141
597046
574722
380092
933777
763362
58118
88589
876424
917944
891499
375771
67376
922034
647859
543443
234014
325121
245999
857465
271095
805378
548938
830317
771168
651373
740233
615576
695300
776871
772700
828927
27685
77818
873749
534502
486623
965136
99865
751859
920721
263879
969301
932243
935011
638468
109040
817894
470312
818813
484971
158229
971587
816022
434868
596037
948608
384379
950039
776669
824926
222164
998656
952131
764312
589561
637833
525735
109890
593124
411997
298458
502899
351511
748037
445165
881955
560752
628068
657242
143176
468988
843568
41477
240777
458768
63270
339065
602428
325767
493791
848820
788357
125439
214987
348552
225732
454664
173493
821628
458377
785782
227634
678610
296866
998821
107424
949235
41575
713013
9481
649983
284888
973467
80641
82155
469290
639777
912789
277645
799189
378067
636894
441636
431172
308666
948552
51842
992340
765321
78515
7373
45031
207562
757269
960161
613570
577200
100133
919162
911052
895972
906035
869832
636816
116440
657668
153493
827840
695569
262018
156782
27287
730985
80152
209303
265038
803422
377603
548836
312631
99358
348332
154326
894985
872441
900262
818729
897701
109969
81267
814802
128266
907344
552694
710350
623464
573779
899928
358828
307355
775694
83629
723958
109498
426229
344116
722408
792409
205870
748420
255330
368670
84708
548146
225137
386156
812253
394657
58140
4410
752683
298883
960285
838088
193224
347845
506442
813949
976052
183925
202504
720834
214171
177352
870865
281597
911513
776928
489147
980424
873512
793076
58155
414002
785332
149602
771624
552777
61045
291583
427808
799867
791436
278314
492698
877142
116795
158665
483639
9673
578825
989202
672364
464182
194435
812464
755027
351615
645195
688571
807778
869361
138951
336491
495586
735783
490358
865293
809331
760751
11244
943452
977184
325972
42343
107612
611571
238950
287597
820049
630172
721676
413038
122903
644350
490013
275616
389684
953508
422618
190358
94902
115724
295050
891471
677147
661431
450173
721250
767899
304100
160131
713608
571914
714453
757792
644791
97755
620349
206074
352957
518959
960380
67923
626110
842687
8085
284223
805183
250087
973221
860814
810139
766198
4083
636107
506170
770195
957607
228812
768002
400708
599113
472463
679697
63806
106576
885208
630906
739278
135265
651072
941638
485063
925284
991181
785220
776889
855279
335922
982467
580692
323277
212584
360802
405198
30002
782588
36868
240447
101610
341839
376688
542189
931064
413164
770230
263512
526679
221842
334481
173008
851046
960329
970322
402943
967023
820961
172358
588389
802933
82286
624915
94594
838161
863746
471487
72286
516214
46012
541110
62244
394023
278710
136777
599386
938206
524968
775122
296355
180819
188238
742632
72579
624702
642369
249252
178010
988830
175300
182073
323232
962989
568756
101499
666875
594025
696928
115290
452004
439848
881153
28909
863782
11647
25412
699070
903076
947065
781165
292657
109628
306822
355198
836172
609857
43590
527702
443620
673251
951939
661503
14473
725695
586123
297569
598875
801479
221656
226794
760434
170889
51845
455369
621954
246979
537682
903243
745981
871410
103512
803954
413942
7518
99558
399497
97679
916351
831591
526657
716686
672057
796080
466616
986932
789985
599947
937215
238529
374262
303872
140551
625824
605196
956370
343744
559826
184308
653357
394139
535829
932363
990605
190026
623153
37622
87112
123212
344495
741065
443199
94064
555295
714895
379361
594192
428872
541376
876110
693449
134288
517947
97591
171955
247307
955031
750969
233032
234227
827346
831960
534647
721605
485716
442382
892697
462315
291853
911315
772802
998487
894555
10495
442960
375132
216437
805852
6329
232630
891972
736211
273754
385006
923041
405056
364297
809064
363587
392006
677332
911079
443722
209274
142714
15641
387088
229232
908661
723642
50019
628854
695449
571779
481359
207382
515760
849314
588721
122502
317664
627157
526956
29371
240106
664202
772324
457353
289923
889593
424542
626039
578012
29334
452781
358894
759553
266748
437624
116064
491242
45258
842389
489155
942967
972639
890836
751341
327647
992503
95575
377968
583537
724150
558987
252223
312090
200522
18812
478169
109939
404034
409201
228576
839392
956756
783500
686503
137719
412045
172617
396139
464885
842908
345291
808464
354804
595229
205251
266462
605492
294978
674535
578828
820320
142712
660368
693029
430802
287894
332777
306687
113842
882045
250040
251573
674376
471499
966639
82912
446681
55972
304758
347220
582726
113011
413964
539721
485666
373178
970267
762103
781891
865101
141234
237297
542343
707630
862208
136459
320769
748919
95538
233792
756182
72439
266518
653615
201461
73284
840054
35403
615516
692741
616052
517298
869576
362115
382202
831365
705032
675834
435406
41466
546398
775666
623572
139079
229220
164967
385959
856999
144772
815708
108109
569282
14579
310379
848943
899293
959145
854755
628436
552860
508088
23863
969462
303593
937750
252568
716388
770820
872939
547377
987605
856860
516504
517378
934735
118706
337131
777052
448666
618797
229021
13074
979124
86659
536505
807895
995440
65501
536440
174907
490251
872232
117271
207147
986123
522410
528853
991468
34154
195994
952259
708214
994472
269786
948916
417476
272984
622276
863962
829523
483929
480899
739622
989296
927033
471005
789812
645143
815739
115774
769652
239446
42554
541375
676449
22394
981699
858441
501098
195062
660322
866626
43741
760475
638914
21405
704383
740745
662325
493744
410996
350029
622439
635163
561503
332783
260499
750475
576816
144927
831455
6633
223679
435106
285385
75873
623182
630318
944101
244902
659762
867353
21098
224731
53235
89885
698252
633474
513938
344796
854882
287927
817029
388023
287607
133104
760042
796891
582608
391477
670500
711227
996031
596704
349891
333656
69205
690493
33725
503340
279018
537275
18556
573931
979210
188988
772947
821799
96028
513601
86593
69888
569970
54214
792163
431429
82443
591445
204113
615639
619410
777816
533761
825610
735739
747262
688534
122745
333352
453249
820992
726268
261450
21859
801086
294340
325281
703363
803686
728673
887123
42675
754882
612383
582513
532505
848909
567263
367792
142808
338747
271631
432824
641723
797955
737747
438225
167329
502112
766474
773699
229242
191433
83555
203328
589074
132809
265934
48858
347571
336418
556569
99028
44025
190859
21148
183147
218914
449446
231499
847060
344486
218728
115721
488188
724536
247941
328374
425981
453378
49311
474027
137860
304520
966952
587593
893151
313929
281791
971895
683882
572544
342790
218731
994893
611897
636239
709577
703679
394236
359888
599204
458178
135481
94832
401051
995026
996648
869378
939930
29727
762766
812440
507547
581256
264592
197925
348488
191248
534222
33558
873844
294656
799462
268064
479258
735159
697417
651182
263357
475060
554754
490936
265334
453081
72898
390298
636528
893853
109421
310493
886150
225763
541693
391640
195133
52835
465371
192663
587204
238392
858585
468935
495361
504943
464796
699774
429023
78106
55594
961302
319033
442925
488988
696711
973631
637573
431293
267976
850516
310406
918545
23752
378896
613900
276078
611646
780425
125958
417121
946068
845525
985663
30913
295185
437819
199653
913314
191903
54130
185560
448223
542144
837658
484555
518716
268534
786294
667636
626186
742986
639625
632022
713967
479719
942449
97400
936638
707558
688475
16052
108708
908106
61277
190428
955338
115966
721681
640473
831762
328571
855663
4027
306440
634803
374361
53401
161246
510123
856727
372288
472522
473743
997429
625485
825714
846963
386034
348388
187196
140758
695004
846348
79985
603799
146831
431490
892869
454973
324763
581424
664217
571928
364088
275012
31025
276301
908849
68335
855916
535000
122633
455436
299668
374272
601558
28421
818271
337719
864282
988288
393212
15999
458385
789256
144352
524848
53265
639390
359097
903616
939222
885694
760562
1618
617098
66971
334621
428325
192816
165695
746194
823762
712985
993103
650000
261644
132013
443418
142413
796493
173009
946126
447095
198780
339278
102877
962686
85320
860313
394367
594595
196260
194046
120522
87139
638094
305482
210782
312783
277296
394139
164490
755931
607786
441626
92572
424355
513465
70859
422983
546903
428368
592863
864919
226906
88017
953122
49416
75791
63098
945515
202865
568303
121761
591845
136560
971534
996322
75507
511639
510101
911874
330867
946709
689142
349866
310624
925305
438690
908707
333478
111148
617461
823893
718598
647004
515994
24822
654195
344754
219179
812622
382275
953901
655319
394362
462598
914913
141014
637031
8003
15970
916283
568281
325959
384605
780291
172533
442037
135494
452742
949357
37361
600500
437179
186831
881335
896452
414413
514500
165445
331319
309491
367801
79762
538157
987727
6703
375038
187388
357542
9131
165521
632739
984857
566789
754056
890769
264159
349349
326542
929348
544240
312640
107277
884781
252662
99462
65215
161456
6501
146374
873125
968882
65067
401404
394887
161407
554836
108377
171543
926793
310784
815409
734211
831972
653018
957355
206425
920358
711015
56032
332592
415377
863766
234360
288292
511829
541127
264691
781755
63333
558927
969813
623753
967282
398723
523009
958931
584933
530267
489036
593617
206864
302172
865781
384061
701781
705683
324184
264293
213897
862566
756655
286327
699268
815207
655592
488036
502753
848700
973256
501695
623281
284352
866680
948909
430119
653699
262730
231413
783599
760925
292638
77154
403103
437979
788391
102356
372967
907132
471343
46490
348959
637036
668334
989749
862473
526745
986352
288778
489846
862860
901329
363570
509644
203339
174704
627853
750678
793092
313023
232880
11471
484545
923863
295865
521103
16221
628962
751799
266887
383906
744185
33838
548639
567170
12916
397737
421596
556673
633526
337990
176835
574729
549120
465392
413345
877303
686404
25234
204959
388180
948009
861704
235011
321213
597011
60596
272275
675060
747714
131309
247573
311539
488288
250908
566379
277719
305971
775189
995791
604951
293745
763031
567814
176184
482896
363377
930143
912348
239063
436124
245531
329923
361129
193352
124480
474351
64990
26268
897578
373484
44598
210205
411893
186773
210046
236898
823449
769224
875169
679222
509146
999680
889807
665922
186182
71679
965432
141043
939203
58197
889609
377684
319404
372830
957784
928997
788939
414888
303661
611446
45045
243449
595374
445541
78864
694224
111767
258655
774877
704612
425887
918714
504290
682374
624259
645797
333333
892293
927546
755890
939081
378540
160524
34311
677381
14585
716444
197873
236967
232509
473347
715424
360722
479331
379535
178503
43356
506029
321189
429000
878563
919730
988377
439530
246815
578212
8427
201932
399327
303525
56141
332114
21630
27574
996820
957351
808171
172638
578280
857013
129044
197907
266738
853602
642626
22252
672434
769256
191140
58274
129200
996286
819662
329035
32726
311880
404212
360192
652287
581594
683893
879006
629591
907051
878759
7272
733910
383039
388169
666430
485239
48947
97701
166294
502069
510868
483477
889441
491706
162554
664947
34104
930723
604583
355141
748640
87114
420501
878141
196844
737452
629151
126774
547002
71376
298420
221515
269186
445773
325009
29685
211684
112334
315358
18773
258110
594034
588489
783811
10003
843578
29707
790875
929365
822375
987191
75142
404195
330739
315752
348993
428597
888478
796667
975763
830727
432563
967636
771607
986400
228692
902430
435372
114686
323900
309263
794760
85834
388335
575437
207252
278681
397398
818901
439603
959076
429801
937440
898108
677312
832926
999464
389600
896312
130862
116498
71828
695301
199334
344366
988891
60676
504968
257491
228209
595142
430468
915906
122452
814660
623470
577302
64466
453543
155859
888858
288087
307541
466470
921271
348456
387643
906878
735372
667340
979867
655900
393631
865235
684086
949074
212718
311257
296502
380629
282420
541918
247329
680526
409538
545874
968185
130077
456350
491704
285163
216338
728696
529764
243477
993105
819169
801155
596807
719678
651239
242499
449394
375576
139725
322397
665454
315497
371891
130530
198734
990868
737871
751002
561455
850097
474529
663032
111756
206352
157842
102629
224220
134022
801028
347417
195138
264229
984641
533346
732400
330635
413690
225734
354193
260664
13435
306630
795925
820291
593813
644708
791631
271063
927796
973949
940623
312156
490440
685389
424223
305277
932836
532840
862466
299031
207674
766255
824596
766162
285595
914262
729478
963332
730046
409460
634848
194949
925200
961736
304067
376103
708552
407865
879924
781094
338992
523793
211259
133448
610514
723244
653751
636409
788589
271422
735392
650168
180194
679597
945442
447673
704543
69381
935048
288079
669664
186886
505474
816337
637222
525951
56494
634088
960405
95748
203623
626064
844276
674085
742020
438314
108660
653020
984073
297955
760742
372360
745113
600388
805456
259658
73123
360803
186761
753285
209295
558653
124185
142296
355629
363195
304828
131930
944333
462707
624057
336961
411032
487207
228876
374284
800617
65212
186339
321837
54695
300737
617854
612940
141464
965252
792959
770163
484024
158539
242135
321792
670347
812412
485633
369329
372568
608671
111434
550474
554966
275838
257627
686275
234440
201606
819766
526988
704716
430961
556841
610642
821752
802565
310735
721837
317063
210171
257812
164929
462307
310650
253129
535602
215042
689646
500589
140944
464519
741362
859782
488282
203307
128685
382824
415952
126441
112252
801112
235611
275837
421991
215817
338072
13838
626407
820321
499625
69878
3701
314205
584045
301335
572044
74718
596943
130552
773980
253294
743363
377963
722682
13330
6885
869241
463631
489972
144628
441758
452873
269851
113336
799891
885269
814
392391
627214
473604
808851
911963
13683
525260
715219
177745
675913
15875
845347
991530
341805
752212
473624
539405
778026
686154
541085
257293
413358
228373
493406
774208
290152
476325
498036
257725
280629
406651
107237
735654
655464
456005
536304
160684
264148
732662
637325
987830
53438
274756
300632
23911
657392
405015
101969
989824
187333
401320
710777
156197
77991
160058
284865
409210
677169
412356
79197
528038
698272
519433
946174
369617
217970
358737
822903
970255
796199
976563
18675
995430
561067
135726
769518
340479
522663
996970
129229
155148
643344
3609
267484
89660
596718
597054
156247
708747
348499
835264
215759
166331
771116
603920
452495
575687
118536
496148
396124
994254
964366
936924
243031
950359
295207
374383
839990
127715
342181
947685
14188
323744
416628
283004
641870
253754
466833
982116
85961
793689
549628
869458
273919
971237
407721
391169
700216
966079
766237
20178
709989
802144
742555
476369
958852
980565
167685
253462
943744
734495
903711
273025
798032
352126
350081
218419
428740
537820
4016
359331
798144
742007
472634
208506
417072
968193
5046
956799
405415
827465
362596
372516
66968
91853
269995
536697
908832
482574
904542
835204
155845
56818
660620
137809
729351
864562
579958
991923
293472
808
599759
371856
189520
792367
614264
102404
709256
661845
368696
805585
480375
931162
815119
962914
956102
747708
748752
847051
295240
881286
340464
419212
91407
678892
470743
105194
233727
370544
31237
434794
435331
960728
139926
435339
949747
798112
847760
154363
825392
958712
145564
11205
16973
343712
741334
933751
245163
622714
759830
230129
497505
386547
549311
325623
371370
704895
81635
36029
468774
526219
209934
787008
370210
958068
733134
508762
65597
981928
725908
144696
340040
429354
441246
117746
279542
73194
541100
259213
723133
844994
353671
975490
241273
88527
89022
338772
529049
851862
348238
370148
839362
133276
959192
359347
514695
216829
595070
325815
515625
195192
430990
285149
689122
996152
206171
406328
324041
485373
582132
565994
663632
364511
120779
458139
507553
337370
659702
515903
813103
411112
50558
876884
749462
172965
165272
354576
523579
60194
979311
969271
950986
455877
633734
514016
514642
53302
649807
301716
5714
952687
245429
176617
320770
275299
414613
889026
676637
864363
763580
684046
544357
938989
963203
386291
347412
610458
206098
762442
615470
196481
342088
633064
737879
682875
664447
354869
563383
180117
952047
575390
685595
634058
150993
627103
47297
211983
752121
309236
476104
40911
167734
654489
656855
699949
399714
813248
344318
7396
837333
292421
908649
470148
554020
100404
346286
288961
724639
133834
546400
611142
683230
540197
70901
986540
233079
133862
800443
978679
798600
243130
841151
546942
511061
681276
1506
204219
101067
919679
718879
31961
992631
901685
336176
333514
545358
866651
27865
153997
325460
7621
438377
538413
397905
44837
216290
326576
308677
289303
470042
663356
215004
614088
318155
988730
163542
151274
491380
887619
379559
376337
506724
59304
763903
432396
784372
132454
608865
838152
46928
325320
400705
736503
183681
703669
624186
663834
639943
520769
16696
730781
328567
857270
509791
397005
823683
564760
291375
637407
296880
752770
277566
142509
871419
529707
294549
505566
848575
282708
169536
112238
547533
709170
390515
450337
625161
446344
780369
432303
949622
650919
84564
271420
544065
267617
316296
380610
839484
400485
912134
223935
686634
801366
21221
875392
503710
716795
710507
932552
919121
607109
155637
790183
726593
583736
653331
197412
455923
220888
295005
466645
798108
23739
64672
723583
103058
608139
217065
124677
589734
903386
721446
908569
176701
298290
497574
978765
26122
22162
359047
540517
473717
923704
442853
694559
934282
712682
444790
162216
513083
340156
350892
428985
833344
503361
5354
384197
895265
497389
3791
709830
820071
870372
332885
273429
517304
580858
999393
648128
769932
528819
506221
175563
685509
720163
621981
188367
343528
510057
176987
179883
717213
846917
873909
968245
888645
513799
568835
687676
694909
208437
266933
291348
67352
528289
125969
687815
679649
563206
808847
516399
182948
192102
866749
791950
589217
655816
164073
753558
449747
148285
68871
701333
670543
90168
668660
254809
523438
575377
358082
152711
639028
941045
755283
98091
993012
938545
930854
359573
856102
864814
618748
594016
395542
280929
926050
378857
415846
290615
96897
514726
104216
534087
766328
581446
796531
200960
956635
603402
90569
710182
85805
492667
577188
856476
364005
496716
217890
655324
972724
515213
386154
567660
674300
513835
516148
565343
109756
667604
589490
879525
262692
305278
995514
891874
532412
708090
748479
288066
217724
766883
541741
394789
261448
120199
838044
322336
275082
875614
226123
869251
787783
390877
3946
362326
235310
337606
22823
654600
484661
463726
999455
633466
728460
217352
245649
736430
2238
603177
412601
402502
20815
451456
748297
27300
738688
420932
975388
918030
538057
262507
267491
362251
462494
799572
905368
260084
89835
380416
335674
615123
190120
158290
634410
432384
171445
28348
720474
97537
505119
65049
538480
171494
414684
154971
273455
838734
691388
83090
699058
72555
245401
732248
149581
661368
631455
279641
700344
727413
337051
95353
763437
398071
932196
90902
491974
383438
79394
682987
7872
28615
8987
23304
978254
498761
766149
453202
691492
968805
145290
962840
231975
924739
156482
830923
845553
693050
336557
885563
439200
693085
807424
596261
332332
55312
265793
236359
13523
65818
229840
846880
724841
194040
801934
984408
309136
291346
513430
764062
583493
502937
745927
545212
411959
55634
391357
950706
979547
55377
865257
250337
819806
806223
27131
413432
235223
327897
109759
43113
781920
46102
717462
132778
890671
435970
768175
310978
559529
846156
525530
799338
424638
483651
129833
403914
618222
317841
414084
222613
636020
215972
707315
919655
345582
529222
424455
2732
971408
922457
113333
835656
673099
391659
418685
846310
301642
191958
988531
959506
86003
793841
559818
143574
936384
76010
536106
859423
355582
302404
647414
849272
621564
940580
932390
851579
282784
452760
290362
833505
99323
973103
850534
805560
167398
682854
325893
8481
617585
150431
234078
51902
971482
943012
245162
55163
475835
697444
195979
207849
157468
850209
563927
818255
534736
582511
804846
168813
373174
910747
436120
382548
907865
859250
292705
668812
721338
496106
610949
652205
4595
803786
616482
515836
907613
571979
683673
106988
280837
454355
127031
323836
762004
364117
189242
104121
614941
77020
218675
718705
513196
492481
956890
788274
923260
894247
395578
107358
940094
748657
651337
663988
933276
139857
324049
784444
139592
113951
183173
269161
339685
15042
252104
76734
89592
791071
765264
480986
12677
443642
664139
484798
58657
379793
533479
477898
335390
412955
433981
945649
758489
162236
456665
165333
602331
680589
433132
632100
992263
816299
66718
655810
830512
688333
786204
500920
484440
931691
518743
535198
162765
772647
18231
413636
456476
317718
325909
707758
660041
138087
499256
267906
354150
469736
737015
662
456399
88979
867492
90154
729063
229391
977998
365285
196802
906127
334314
821580
584291
154874
22977
82971
934668
981784
566515
176315
856110
442258
901323
632614
731730
585637
920472
660145
417633
707196
522654
14436
279810
901846
450502
953314
9254
386258
388341
461565
743359
649275
757798
328220
684629
255473
192274
296682
152487
561750
369978
181678
84488
682396
508121
78785
401309
772422
490982
273590
477565
165885
478091
686716
725453
340930
339576
282309
348597
948438
695373
751234
572170
368366
491812
436564
75248
748210
245027
644052
437225
682826
303756
198676
348037
743979
261115
845357
513998
594834
779275
946048
680372
585710
546944
516000
447636
914054
610925
270814
750418
788932
409083
734310
623498
599948
119232
76237
542186
950547
470041
782230
802561
434017
686181
131586
15231
858818
830949
34457
65846
415630
974919
614415
152538
200722
426264
215303
627429
188711
392361
244086
743957
676591
34306
787873
287065
351612
395310
452067
862611
938669
389526
972160
837672
46884
600630
208831
668864
455271
785237
263320
866836
108440
150954
629352
933413
587088
996322
641715
245412
150912
434723
557184
46187
680671
911160
230644
413767
758508
618992
845991
270772
391661
163687
588675
908537
517626
362351
413568
222489
243068
693769
451020
670560
358221
874959
299709
771661
316322
305379
627094
648849
7449
749601
472357
695640
17691
754728
898451
184658
819061
830249
824970
36478
26349
238181
277153
660001
923256
869760
708128
710973
188338
196758
292043
282523
520532
4249
42824
119986
201657
831942
88258
590948
198553
255271
114793
821981
894581
43433
614777
404300
760312
203056
619990
97901
33054
776991
833779
289318
9516
497533
773236
264914
256155
83784
300969
83260
88774
400708
338100
783306
539200
456703
148743
234596
646744
272356
339542
364354
163339
503009
293093
386350
643796
644213
962253
263626
437145
526997
658219
684478
880186
993442
25356
247215
679448
415218
592589
142325
759334
2983
186713
805626
442084
125425
621015
443027
776654
5403
392637
683448
197206
92146
474831
590740
52216
82150
94493
822368
794714
782818
560665
460691
486910
962857
767749
725281
523569
335298
748414
500510
976736
534869
501400
496269
736642
727985
745448
298540
674941
540972
171336
976122
189583
80824
508405
673760
432120
509877
820022
124559
72459
995655
789039
75285
404833
183671
194427
53343
752246
207414
143649
372557
105291
759142
407849
34415
86735
328104
58563
911418
198651
191509
111911
286661
427257
692832
491927
307924
747040
705638
487653
499344
173385
726395
263670
308354
175010
352971
924210
737913
615251
737243
550538
90099
261079
207400
938022
850271
103264
937288
680459
907012
895872
117649
967877
320647
359613
953889
682864
99248
461364
65754
409720
254800
254648
464270
767790
168200
812736
128426
7080
457889
826848
646439
791499
550067
757936
794582
174317
322270
305247
357996
274890
800825
553851
448570
806179
380720
821923
896726
904427
345759
885898
336393
594893
847997
424756
883726
340893
341047
664640
910016
867161
755518
496001
838068
167561
84076
888580
735403
811166
848918
854621
397486
550358
190980
465418
855249
378448
781496
921619
632658
148958
843360
134154
921820
580337
95329
853662
743301
294749
931113
461747
802925
179893
21515
886289
296949
677395
5993
4597
957290
609405
211055
603769
455388
922961
451296
406016
674476
116272
706524
25552
925926
423684
629094
75219
526599
351013
836502
676608
66015
827527
408341
172550
637404
745762
963649
974301
852874
899970
613209
334509
109727
677129
341
953262
383297
123205
277637
256404
99885
305920
390715
427350
805783
216842
349900
992813
29676
713445
233223
777085
331048
457019
207050
395949
376045
605332
427930
998412
164035
251257
757634
652975
598512
949889
165343
279587
776211
112043
853484
11905
950285
434167
811549
350655
134313
104731
249479
807813
803250
640446
772301
644192
901926
887329
683991
612661
882300
289887
659432
392576
803279
735043
879157
705027
603314
31749
449512
29825
853134
935172
803156
715258
202902
229447
672279
143409
917049
732631
680735
770906
436852
674405
6753
254612
706610
322504
530514
542386
30148
629442
901132
427839
277942
728304
811634
753920
525243
109069
468196
336287
961758
924726
588443
284917
258082
595295
883186
219941
446029
593896
982435
571658
715531
924491
183032
907092
526602
971469
496487
138502
442724
290945
396917
642744
401352
165423
271157
211829
165010
581317
414426
307088
277557
98584
40169
815380
786558
432949
700595
991943
534880
697532
794954
930892
26990
636202
929469
405664
400695
798527
651440
179762
412916
144066
489850
242010
128601
511746
527172
469297
943247
167917
50934
658088
833015
40787
107914
336195
463122
695160
731400
535181
74667
473318
854350
242164
398621
318204
628200
426357
411134
987073
417795
374237
422171
603351
328281
574659
2838
521233
123289
285999
870506
843623
703931
203739
273867
559551
992250
100232
106062
444395
311897
937214
490761
35799
353275
929632
770328
148945
470730
109877
513834
837270
348131
105155
521467
476152
861356
251499
62103
622882
785798
936713
564574
717400
378951
226483
141792
554960
295282
476757
316176
516920
959744
952016
714873
535601
390382
601632
698126
316348
861700
368193
542553
827291
162928
376494
40324
557838
253944
416663
959627
452996
358147
826003
410513
753991
730102
30413
705501
49625
722099
31528
841357
902848
336083
696685
508130
357387
74823
653877
148034
556825
273581
733230
995657
755240
257354
192827
843468
664197
136441
413823
948242
597834
115278
273316
691574
378143
319639
660144
689470
458925
617499
186881
373707
818359
429122
648739
476462
967976
250484
873084
418493
993760
640149
329752
863044
25996
937133
237756
477235
372646
420009
400895
689961
399065
159116
737333
471787
194204
603194
572190
584477
995905
391860
517141
924306
681835
361671
861112
843555
904271
100624
345413
581403
468178
194121
594791
1705
65223
999880
858555
22716
912986
174027
742303
454015
686374
846044
96907
963641
991859
44143
546587
902404
990709
317891
148880
526685
831496
343263
351017
204584
924761
280786
570894
571533
133532
252699
804874
70336
984704
164828
728679
91423
491926
497999
671346
555875
840145
493401
665394
717254
589387
903966
946935
705135
748371
177951
26669
775715
529566
672205
148976
666510
634427
611668
529622
602539
663759
749967
171475
264415
819022
930783
590607
420007
367040
547793
480163
760378
475573
773452
542221
891600
725473
955910
539490
126255
220388
516849
159436
149715
291479
631617
586349
386652
901
508304
375177
87007
782483
179163
915333
1894
683777
601030
354960
157480
201238
424952
76302
420357
199476
52464
260219
826005
144351
85853
327271
326878
409053
912870
814718
676081
859664
250762
552490
252403
151756
870365
676174
617982
112940
3670
637788
387751
905371
503780
770840
576223
258395
496002
686908
137686
157540
124208
656668
509995
962267
206221
512718
62632
608639
979568
128017
79535
725893
189344
483895
649126
855308
499716
726874
181939
168260
750153
773303
992430
441051
308635
871278
158438
268552
442627
649046
966388
580770
813874
382688
100920
801113
643150
856231
342637
73954
62312
350625
414630
999670
565419
746797
639947
326653
34866
229750
278462
657002
238257
626827
714768
704709
590596
464361
197261
838116
608539
779131
788805
388228
226764
742686
415508
581686
105239
296572
876153
800282
494633
20244
758347
85008
539027
35896
480084
779115
873325
962151
222444
366054
690840
620753
600812
426773
477937
261863
806198
744717
967612
385288
906558
53132
674903
842072
845998
747206
760462
998087
645939
538283
573339
454545
888909
282834
477780
594090
988891
243509
915996
565575
206088
456249
892645
119831
890579
983435
64807
338737
368066
648590
757565
547389
330423
528030
68336
222609
220160
733739
335450
270564
253440
148189
983099
375225
119040
771981
469829
903852
460088
286060
236076
659631
932679
916515
82532
795252
161438
839661
175999
725711
947206
855254
187609
938584
814096
796831
83891
39570
370329
346799
365274
24929
134879
864024
694534
505776
684104
754874
623274
665919
655581
535102
238427
686161
276780
883709
228890
562465
376631
159424
442010
29916
230885
864655
872129
992280
443912
699785
415546
489385
614961
867877
203517
102182
119930
113869
401573
461729
590314
530694
255605
495347
137118
308365
88975
1379
94800
450448
762043
416349
203575
1265
465696
652626
559916
845049
425499
819489
36490
825158
958600
554719
560991
332519
544638
85845
254046
149447
324298
122858
373712
187115
405555
85691
295568
727931
602516
287766
677575
755873
289716
735578
267094
834706
764065
158060
960543
218415
815149
436849
842515
556170
53477
541644
442567
521081
762191
135407
132520
170868
877107
410642
865768
566628
274712
20102
586926
275761
906937
924645
61268
877066
548694
528793
194652
78393
65287
502046
320202
780929
358309
675551
909458
991502
833515
107949
832300
954127
175884
962877
844841
182621
185110
50184
396678
77043
540105
810522
658490
232111
789403
348705
235603
356442
548432
996431
25530
198814
732951
255069
261541
925039
81978
81631
937964
799608
412369
267337
424168
975700
966379
600979
800378
147623
273903
470382
257543
291898
547628
127294
336237
84758
39857
702723
718178
66837
249300
660229
285753
562079
760248
574965
33256
374595
639129
18736
971333
411246
17367
478564
78180
716775
767159
544367
891646
651997
391518
377180
405171
167447
849791
395147
949622
243750
352507
551111
790738
641162
485544
489805
86960
730169
919178
511303
189410
627174
696543
168290
573989
792660
59652
357377
104046
651567
896552
774720
276613
789662
107860
371929
200781
532975
273016
690834
99371
440327
130669
422067
560681
866355
380594
706384
995303
539672
381572
304836
999229
149452
336865
403062
775768
244307
937847
917766
785256
945445
272831
510717
857646
394829
166951
400566
941254
51019
200020
648383
871773
520228
975951
387637
601902
495513
815654
218108
62497
804817
322352
460380
450108
942657
800170
202635
848125
698199
946403
652972
532270
995427
16488
804471
429553
85436
863511
368733
204941
590817
71274
984352
335856
112625
497315
904240
543871
762319
717471
673424
337443
370846
163167
816337
591651
742743
207450
626884
959951
842369
287620
853202
837981
798000
97897
310304
796686
42412
377798
868071
465359
709347
772285
169403
406098
541974
361771
959178
927271
648791
960878
9728
324106
25669
551325
167111
424521
897797
997052
439305
906170
808658
909022
910130
692936
704429
873305
387774
782325
244069
356004
692515
535845
270018
282598
769386
219971
481980
579770
256843
397109
243157
366930
211078
950999
769103
638404
762582
978491
83287
976289
333346
111329
532896
56398
650512
686711
497670
709773
26677
268280
636723
901173
708649
667657
111374
562192
116428
403013
191461
150985
172800
548133
630419
744544
467959
762271
46977
72080
87023
617268
769905
649130
281850
659402
875005
511106
337300
306349
721338
421266
449529
702321
647837
262551
524129
93621
666685
15234
942131
166628
254786
669286
795333
823280
727328
714655
336329
558740
753619
680161
84515
81269
976275
591564
614879
440096
114979
206760
9476
348331
157675
616696
304260
35422
849856
854193
152055
707426
985839
162458
808460
753556
895530
983242
374207
118217
905400
852060
89689
298015
610104
224048
903089
305239
235079
513001
697648
762134
406014
34010
752670
536690
519563
257760
37858
448609
419187
829597
781567
25582
645491
800774
566887
633326
192136
203556
667289
359673
896036
657339
222015
975152
478913
787364
415324
655318
775181
886332
801288
300240
458587
804673
86448
699187
90233
807273
441715
771385
398610
130349
828792
375280
330207
526147
357439
584060
587179
366420
578984
286600
921457
58781
810388
4467
578588
948664
387412
839614
628175
859371
790633
262777
741949
727067
774717
903687
706617
337206
651148
7437
633060
617757
837707
101597
471486
180896
256343
98253
534060
401206
128237
695683
347700
443215
791813
240088
129389
777726
319376
67375
403594
913104
576768
806256
919561
374381
610684
314331
400238
396731
955657
195268
875286
555377
244321
854600
755779
373650
749510
680664
670716
119162
57018
600867
671372
849567
139191
862997
118418
880484
62587
493041
104963
590367
575398
280823
124612
440400
657751
867705
237457
59368
465202
233375
902438
795470
378706
74990
240899
272983
459071
393926
687794
136578
421309
219871
336234
259357
793256
914533
178097
915084
726220
852712
595843
209291
275733
920916
186062
411274
257238
11597
163285
717679
357568
736493
630933
341455
418371
112901
455344
707845
655203
876667
157600
698677
375275
393115
687164
540735
545460
961734
947864
388679
947753
163938
82249
464927
777657
198094
71684
965397
365027
303418
696236
853622
549722
141678
999475
749666
155574
55275
246904
368164
838156
322832
518794
47668
868502
472164
507527
784806
788260
463462
354515
128155
697022
216808
414639
874352
614914
783573
986444
661663
592930
901043
336253
850908
468663
844328
369516
344785
51103
676426
502569
164942
191741
579565
503034
545677
858132
737080
259587
504456
409860
311209
187738
388574
986881
432115
92414
956206
467478
281799
462097
157357
158152
887800
140206
633668
794725
323305
870285
469700
824906
224840
832394
389879
165193
583415
397083
924745
239900
184732
738041
945414
737848
221012
375322
387899
441220
558796
689387
620002
985218
809719
299629
737201
768691
524102
640511
358459
445329
388756
386072
550732
422112
540361
865228
732651
700145
187698
75145
815937
310025
263522
91313
345405
240928
420503
804819
864157
26186
522669
165471
301908
134052
67973
748979
759662
136350
644068
425878
371991
963290
915805
373187
661142
83637
54343
996205
321907
981223
703228
998019
561881
710058
466803
319619
118267
217586
887364
318157
58919
605748
822646
464484
831102
28053
619226
690389
317052
10570
214599
258252
677270
373358
281139
180734
184315
381864
913906
961506
712051
409269
95120
783806
619979
197707
151387
337019
181055
888067
452724
916164
286130
408467
389209
789118
178899
396581
748122
391701
596819
132416
132495
333172
760954
574290
116122
895144
817772
947574
260610
17476
951856
608662
168169
648828
985261
238033
40884
21821
768036
104418
399827
879154
71732
738046
770226
254745
21096
669285
807024
718206
777278
280720
915725
474026
898404
484592
259126
240066
110011
106985
702292
936948
997727
63188
880458
16035
157720
750937
816379
786016
595012
298467
886838
125810
942747
337709
402031
932363
262097
593159
77569
631400
80004
972799
409028
722473
303322
249464
794773
941950
30796
793765
167953
193681
694198
69893
812959
542859
915004
788125
211549
845840
142244
960281
257377
939421
813629
275128
264853
111028
657217
235321
439848
398118
212232
990560
483118
635088
188969
165924
612232
121082
920447
515038
776833
466937
130942
295153
784617
442049
253237
456191
698200
288172
294055
192666
591482
914467
60060
581969
456423
476539
506364
416216
72739
911592
628676
203856
585657
522001
25161
25867
738449
178433
502082
292121
823215
260819
26523
103059
856034
836750
944476
54990
122457
422150
589204
432657
818535
315304
407748
511738
368301
374276
123205
774535
819434
223119
802591
831889
173308
911641
679451
403885
133392
61727
820650
841567
540407
249325
236721
452562
621808
494530
157285
393017
151549
68068
372362
368530
439822
668600
470649
992702
305780
225328
321881
184263
20109
880407
