2000
200797
571275
639318
965136
589014
813711
241657
153690
130608
881848
426315
427806
501433
454882
8341
602725
850535
282126
234410
668738
920685
239182
256267
513540
274410
382853
618563
498402
186051
872432
4828
625815
444263
512073
794519
63832
533783
431748
526295
853563
847696
80795
973562
721797
637561
316993
526051
455780
272202
279434
856293
689061
781910
381081
459979
965205
140529
331939
787248
364160
451248
339369
645952
785979
831910
648049
952595
667809
705015
118810
232218
783348
283855
249663
725300
614336
782578
12286
216620
111221
701447
257908
637958
629900
528851
273126
189477
76455
641310
900470
418245
353520
631884
948215
96910
890788
468825
413836
284603
423643
838382
642455
278343
132061
966784
98744
43012
406589
324392
327132
21678
541398
361945
834375
688304
708355
783417
378199
546433
690353
116534
524606
824192
263192
62114
221973
699376
91434
461091
865004
612948
702619
690728
543337
800383
683901
960935
631083
916950
708517
749424
227670
826533
948122
844040
278063
359467
24842
699743
790276
146349
172578
831703
305103
444925
754902
702571
37963
395853
776505
742374
348644
786929
878781
665210
233452
623493
599185
609152
235290
818244
756190
942378
948805
87370
199494
17240
546067
558094
757323
391520
121964
991472
591680
697491
551122
657148
178528
897610
783124
514854
608955
122729
840374
545817
313118
836645
882760
776436
668718
905323
121375
38673
685161
613541
981380
384178
191366
821881
145041
800018
463382
317969
584908
88277
647791
801736
886925
999237
730637
487700
458507
770996
268363
69686
828433
987655
794830
438847
231531
636371
75000
638156
94877
51510
288203
893584
840924
232723
662757
937672
660784
40911
620023
231269
883561
706371
358066
801932
117159
932655
786558
465450
979295
516888
668727
715556
703274
243429
258199
613144
313674
859750
902694
569320
261638
127587
463186
722642
793549
585983
276954
9977
234063
484086
36778
517541
954372
801288
118430
358509
205464
413714
411226
32558
323370
260658
863377
473854
67331
46619
111090
408729
185344
448133
519503
303923
947024
579530
614672
873198
120406
265163
877792
325913
144120
954333
391320
164874
112030
854021
306946
106858
188267
237166
571627
393688
82401
236699
57975
902846
190528
269503
153036
616417
255948
907802
595651
605449
912270
150054
270998
620707
763221
470074
373065
506147
40355
421265
237395
741142
678149
252641
787478
414527
784872
145144
13043
128072
667200
568112
446182
920783
579612
55779
114274
44826
510158
271809
697342
920524
250469
890132
697847
308874
774998
979536
590097
415060
475329
406975
748571
621816
897852
574487
711592
871750
113911
844863
430450
20952
383855
34920
745212
589809
964409
5933
627671
183319
205366
753282
525748
460387
878214
227804
950429
827586
734680
944609
138560
915741
335328
359320
217431
111402
253016
309834
170120
254806
106179
704244
38281
110030
980842
898519
938825
775987
368830
577026
901084
116093
285840
739634
449300
19505
340776
594011
10367
352228
837703
34647
194288
28689
699634
133668
945514
555690
690876
239955
749083
24874
111625
232934
337119
345081
287878
220551
26708
619763
563410
986400
326259
691456
118663
156442
846590
647684
628656
803874
994238
117987
768654
893831
200016
469006
748628
183839
416133
471311
887652
368474
136860
768028
408440
269463
199361
450866
133832
349087
706942
864264
167231
18874
189317
319572
997782
30644
687363
902820
110630
655606
383642
15559
763662
431851
683699
345103
294315
793613
46454
505648
130972
242770
787983
632086
802267
353263
315881
437482
599876
855879
773876
449913
553778
310400
71160
776536
51464
29929
970079
573573
229068
573118
137580
885244
609257
384195
582710
224086
61587
300748
723202
820139
656847
571330
550363
897505
120354
822878
534433
118122
106216
741764
957954
597267
328188
698364
364605
738754
102963
315970
4967
88222
116859
764040
904340
887600
590381
168317
128608
395923
155569
863590
118911
703772
933555
269942
450997
153836
86780
127353
98855
222064
357288
8933
573295
103842
937517
755945
622838
130040
776104
950846
309665
333707
112245
687681
21901
747939
315028
564826
173137
42182
852882
529545
995999
977697
789405
521997
370409
397308
424771
407078
429652
582522
536821
156467
666354
855477
517816
9200
353078
233435
776519
164064
676159
580150
890332
972273
37323
451105
995123
209440
738629
225389
882829
168756
970389
511064
944575
758949
820916
66069
375947
488848
153893
668736
673827
422555
752214
421425
499647
169829
86118
10596
963935
553894
933034
780036
938419
800408
144695
962208
428817
358942
102574
763628
952567
246783
728919
509181
223371
839726
379643
148365
894312
747534
772953
178122
530682
751489
621852
416840
954824
775515
234772
943997
99909
343360
666512
557456
183395
409283
149011
487770
725863
457307
629338
667885
285174
700459
599797
595437
65100
71722
632524
357982
742467
601560
120897
725378
105193
238178
879476
44338
52921
441198
570273
974815
821591
473491
289268
455134
289268
807317
119007
72623
436461
351169
999121
568467
854718
111848
365774
989647
294667
989835
63561
514919
772390
414422
150333
249700
621675
881280
346680
937585
481719
806718
290616
113098
207941
694957
745720
1061
922506
434595
268947
927325
767540
304238
28677
14958
524204
446185
284838
639132
272481
864583
271035
305890
947037
604981
327471
99340
912787
28361
894219
345357
881103
100347
315647
93452
241078
707187
143330
123893
66667
1146
77997
319184
889683
272072
451097
248988
651648
623622
44104
979434
339394
769298
279874
966662
578019
971995
957173
879991
261096
51416
707549
652238
856797
125096
35881
444428
597885
674307
349652
599413
298783
740841
880557
368708
294141
777780
940804
355266
524237
512132
305777
529816
768996
127553
848017
201175
588854
522891
758877
859210
73106
920446
559873
705118
610014
291631
275638
793705
566760
409194
203713
21760
936614
832795
12193
405559
902468
429503
838717
717891
263817
49035
638588
371482
842644
573718
869419
40276
730272
370696
608001
176918
417480
128876
219976
768489
809172
298971
406890
147960
767996
995191
188829
351630
416331
546516
440669
151002
300438
359464
529125
972973
225250
324682
2997
608217
112959
504788
939947
298180
495075
435471
449932
777698
875913
566459
991008
800124
150203
965246
895822
779128
698088
229196
290532
890394
467410
301402
284720
442556
125295
59307
190142
372845
410204
360436
76606
429894
620192
628638
849945
978638
458461
804434
972430
934427
703745
823844
316643
585766
235318
543524
666465
935294
394208
77111
940358
346876
968047
645136
119800
515085
865400
797541
866105
578250
990269
699845
802558
242046
371021
83665
328121
382927
725012
308661
799718
768515
637168
910194
464260
288008
758909
544332
299925
858984
8568
325957
870460
61924
100371
669650
240652
55106
762847
48027
22409
280029
833808
527766
63462
419915
895535
694383
39966
769132
149144
419012
306304
463805
554715
136085
535073
852668
908911
385858
884750
223294
925779
373973
121413
128618
299372
557646
876077
43432
725541
286387
195095
321533
429075
62650
185338
817701
696930
797985
993918
111313
52439
742842
69328
786949
263302
448622
392822
349848
93165
143441
433002
383175
14888
417458
562292
648084
462938
84228
88152
990799
973822
387468
252792
839633
864881
244164
573062
647104
538234
945337
122778
980893
316909
6072
302816
233656
887256
673058
831409
663778
551978
688433
376505
567883
487192
427747
37944
478790
487133
872040
623410
621320
525652
143776
818333
768165
829764
945391
920582
178431
864867
191554
9318
927792
497723
937204
414624
223457
596074
424822
713611
2514
719527
167673
364158
240033
421446
690966
186118
236703
690344
259677
372947
417717
345431
50451
61081
959400
907913
754604
537821
131866
240968
432265
693544
391986
944315
576725
370749
31093
2562
853773
722932
30446
724996
713960
717080
287104
492321
116817
888034
338
366048
235695
664915
598218
80770
455347
164875
553291
862486
296328
488903
349895
242848
635122
724001
960465
511132
19807
950848
110000
966942
825028
924637
385106
951491
562133
896959
758964
389942
997211
110958
573987
753402
695040
68428
370135
272883
304752
853751
364786
433388
939342
817448
231050
964076
397848
342637
24191
935556
967003
968943
297255
622942
390143
993156
966935
755508
649894
467997
510853
929360
917280
379953
308652
973853
380045
705382
145128
654992
660454
803466
461465
271407
889193
883671
764286
810670
92943
860447
522510
920724
847538
718749
491414
330330
450212
749060
315045
551493
657627
176093
651082
210327
369648
755205
185974
69453
441631
696237
12245
861520
297122
75965
641943
445658
957854
629021
883677
833476
117852
820313
125135
982881
8420
749625
592074
942491
587368
55548
752176
33248
842493
574744
123824
326753
867987
966301
991963
38110
215830
866014
509116
141387
945031
88487
340387
746686
515294
169685
336459
649880
20932
11394
558792
623433
645301
871410
681354
455977
432842
209170
280737
366874
376764
804500
417867
73000
260296
793656
905398
704950
463278
701301
391151
407166
419633
561041
118069
253619
61926
53482
656148
94837
917822
779080
219240
94845
232765
26113
589573
798812
516747
488272
512393
255442
322604
96179
58159
432397
653854
382901
2514
734951
399707
761487
136674
403319
407393
967114
614106
375855
455208
596096
992482
977601
970360
487558
181685
789174
648979
151702
120000
242856
712871
936965
982370
356253
702818
141031
206646
525887
267675
700289
952266
735220
919651
202407
218072
937604
947954
216179
695042
542094
435486
724123
153812
507177
484490
816042
122604
145295
72317
124492
273626
947635
368643
511154
806550
139814
445743
200663
525697
794508
276745
726763
983176
123712
810973
427325
601240
463375
88611
733574
359916
497887
744719
458200
845768
553331
592889
186673
371562
500474
232220
915400
200992
929088
805012
49515
524470
604484
669826
185427
313270
718485
554334
732914
979657
257566
506947
803771
887994
552244
985100
192050
796651
978798
468616
316947
845240
279490
682500
680966
96277
169541
749409
353474
160013
572803
572936
807680
359446
583292
841527
906415
168490
373835
741605
149442
81058
399896
476309
103081
289748
32814
175611
362092
857241
595847
992427
563033
841599
623256
679073
698330
41764
994169
471686
114871
925094
327875
302145
394124
270985
340604
838432
306662
517086
200545
393823
586438
100338
920015
268422
854212
291265
272927
414852
447066
73830
695629
581219
730661
725724
592180
988131
825033
19798
32079
376021
145682
526043
403894
800158
931418
481784
98734
781899
55183
622591
800544
613373
166427
438327
868554
952949
127160
456912
214513
243278
377991
239942
102914
768472
906846
216597
670522
333762
285676
397584
564220
505914
708764
890156
334000
590533
473252
606909
253203
10486
452720
842080
621074
974757
811255
431980
930302
731283
865418
971936
52862
657133
193950
526563
877070
626793
722017
456612
176920
36076
643290
369041
572725
72586
57652
708096
665212
52859
742958
965852
293304
562809
262253
32110
299815
642783
844699
952489
238867
378347
967390
380941
849019
262879
408110
693251
968555
78583
811408
998539
274463
39215
540541
255475
618880
641105
459950
393478
618835
506657
314266
667711
848867
128784
286212
194830
325354
31215
663250
895716
989142
13813
245742
516594
27206
634502
11190
263092
954349
677509
622283
710830
994519
978295
666621
692967
214297
308159
291982
591993
690384
405063
794652
416942
622732
57601
904345
465013
979599
388674
44168
573232
709804
821287
788845
595768
614171
250035
700869
909983
699801
105562
506216
907853
611757
933766
150253
106820
535762
135413
366713
417007
236553
853237
514028
356765
584229
99353
211737
463028
968489
854462
714959
301210
497067
713264
384767
54249
702556
738911
103484
8838
735214
355875
929786
32070
407086
442656
262363
804641
924899
66103
614512
162935
784939
81992
554493
191683
725694
821953
813735
429865
179049
193738
342601
406856
496847
951514
578519
896303
153301
437452
753169
198072
457735
293364
307668
32339
191320
154121
779256
963837
69400
192243
766041
833617
468919
306245
871501
646501
51049
536951
565764
55597
604356
450322
52323
225570
35857
335731
643817
429618
871003
569091
655044
442129
444373
44477
920610
719509
892147
280586
787374
930082
553672
713761
868562
815612
212807
599692
117708
641961
396979
513053
604630
957603
202732
381190
351199
663489
328442
373486
530963
594413
317761
467278
985993
281809
518985
76625
260889
590120
733485
26644
526748
289549
785788
133979
389086
976771
772235
275273
475945
57894
881166
456486
413511
995586
894468
187775
915944
874693
216544
666999
603027
517831
602582
496522
222043
485933
138
828513
970162
318890
50992
83620
458629
565470
79533
113987
753988
436026
707007
309398
685219
753795
924853
160103
744279
111191
447960
800337
611181
434549
218822
942131
531911
356256
342205
981841
151490
155591
710369
118140
168085
863151
327837
45178
149042
277562
630511
822640
868576
99969
93764
348795
814811
795897
629371
879954
13288
321002
915149
677885
92133
993128
305180
369893
238725
500810
290720
146184
688196
304282
622771
792327
964893
323026
909515
88154
541070
473146
76613
868519
699777
40910
544261
466035
854484
8538
799067
978148
766052
642396
841523
540628
241975
15818
513396
653380
679566
629817
21529
374184
568843
873671
547481
279641
315172
834382
26749
271021
424736
647874
534829
837591
571079
766806
138743
106921
958474
800237
212284
716781
543475
51347
227302
271428
290269
949676
818294
553285
330527
101520
634861
157832
550791
90819
275877
833843
146423
304523
168911
905152
454339
830995
612916
22413
693257
53252
986586
923707
549093
20376
995172
432863
856381
304212
576607
859817
776765
733188
449595
357932
869198
952891
618214
884465
889263
428632
980021
3406
225335
778216
233800
868538
369630
493431
662392
964572
686155
790983
668779
117421
363807
279001
178121
915928
116203
674235
914455
558470
332522
340303
452691
414724
987426
70199
664575
641219
649983
