1000
626905
886443
593673
24416
425411
453936
358082
811484
716495
649065
769130
876088
575799
781458
305869
6054
249945
545661
96301
872345
558716
971935
234452
898424
998770
144819
548788
752787
210405
801166
212238
413591
102622
909944
497621
196335
877230
476283
220765
783735
288232
148289
726859
141307
858001
30151
130268
545312
884179
414340
29250
226984
44882
886169
851361
77117
31874
284273
400945
315721
412055
167660
870912
372985
136429
667227
328709
830252
522593
250305
864637
586969
918981
145667
185805
21240
745337
264238
780599
365838
718636
775155
298766
890763
445176
481100
133364
541403
420393
15509
600062
206135
769091
912327
368830
422937
784569
135214
977340
793972
934235
495307
246504
306872
967378
648615
879068
623596
597906
410671
179700
334419
604435
445331
547352
475014
489405
771723
362352
336117
947383
461760
237376
361916
792085
139293
648512
399617
806013
780435
938407
61506
188358
73775
278630
228537
368385
516346
199925
53613
563354
178871
523109
435154
237368
739811
807210
965912
697080
768190
666937
968727
21488
477108
626624
202728
139075
506808
604983
413535
129089
202266
511609
888221
128759
775101
319574
676397
965432
282845
350894
139423
86392
125313
254680
728918
348738
420546
918197
686181
801704
797835
888973
925432
585908
693177
249185
912912
532552
104721
481975
200134
447137
3423
961674
442988
693336
411705
119548
883015
600037
225022
410382
396117
522176
238919
809293
545948
367698
959702
596436
621962
778064
72716
439924
375959
61186
268547
14581
208464
543990
630408
57983
77496
353737
134556
432162
198423
129224
685984
633642
58495
512662
640577
443324
24171
528160
544308
932163
387686
658477
3119
161517
247916
135934
838824
876937
707758
244512
516935
691470
505821
196001
664928
398689
571388
322715
133548
133505
318304
19522
412530
663784
878467
214852
107589
422435
618620
204086
947690
193586
87720
772164
645530
427354
880501
406058
866557
638318
124936
979126
336572
334370
896671
664269
873379
88039
877336
653582
555516
763617
468882
688419
858697
795912
250647
964919
623008
911765
56032
679755
918446
668348
21690
930256
553029
976101
764963
86462
797335
250046
720945
753784
722454
103212
70289
554096
648393
408843
320810
831342
334558
522556
855859
294991
357877
584909
201720
707640
343762
747937
258623
320718
636529
171808
182140
364228
597850
974087
133255
412431
471407
628722
246729
415141
150938
377928
94920
683899
308708
983783
81707
873308
683891
486797
711517
486086
166019
246848
411
315028
213897
83801
126064
716335
696399
11711
320352
987349
677963
676941
13543
91260
101686
975894
469330
204427
915096
2412
929846
781127
449464
172951
986397
862856
648108
215175
60975
913663
229640
577439
660629
939564
868807
910838
176191
285898
817519
771476
578538
894641
294505
515285
145858
188535
43929
783471
935781
255927
323691
57238
82362
265510
237551
760608
507420
479030
983086
959076
764011
427952
465414
134933
370108
889711
307714
555161
124479
660439
388520
592005
169354
362536
379605
68159
401603
486717
838970
425890
391812
996470
164753
55737
909051
819915
759052
457672
479037
346407
394867
326838
995060
717599
410385
825359
274431
296398
899109
250165
639983
74923
25028
577046
488460
194641
516813
903894
327709
766605
793429
846852
669877
244620
327636
233745
859528
666788
849947
99641
864063
422079
202409
446623
370382
882406
791796
745111
682701
533057
365483
680807
895305
898964
595303
896657
497687
975562
949210
17502
836724
190679
628887
590931
471840
107225
376187
859294
888240
429806
357283
807101
594176
124105
536774
613858
98673
87011
337886
232762
257579
277651
310471
555002
481141
257575
402767
882850
379438
877789
582519
337154
412203
880011
307414
464221
414119
581782
995746
800011
499767
941588
441032
139349
111564
941096
897432
849439
952819
458688
254207
469532
113393
768612
401765
240485
611681
984483
260422
173392
19880
649007
20112
190416
307039
677342
102910
31412
194599
496743
541760
90290
779012
186791
270405
257012
916736
684915
545351
249716
142373
452392
341524
815100
181768
757586
105838
598597
199459
491519
37555
463434
427120
29255
133982
631533
397463
128726
667093
815860
139063
770963
67405
925656
271507
400991
237418
588987
860893
361740
437779
56447
113562
171278
132114
342237
313077
151080
330496
629494
663010
755142
956871
323991
806529
445444
415071
337455
440501
672947
710926
210840
938926
823880
674626
961514
646116
946448
758249
485029
535580
230698
586956
43836
995340
452615
392191
140214
757901
781932
318672
666692
272678
314389
121967
251120
2504
354662
804399
421201
664459
833972
349987
936447
836606
426735
388438
747119
455524
59754
149964
676549
376068
693352
995261
699389
839392
338309
117484
707733
217926
712667
19358
537163
967706
789694
828742
242009
471432
475078
220483
77610
739640
510625
287781
274199
226971
505491
596656
931325
548474
244035
873717
255547
330530
744834
523070
167107
688582
78059
714971
479066
364103
191515
160001
302760
709916
969572
719554
955795
285563
611009
845916
746084
154853
745793
606057
97772
400663
814557
500475
356821
420660
929098
591555
537104
346528
320593
842806
228163
783318
404714
546233
170901
88640
952339
716292
580739
288442
304721
395804
339448
578097
441271
557999
457267
200509
545270
964572
315455
360914
777686
763666
31848
760962
250541
953069
35304
260756
426744
537721
853607
785145
386926
414212
795488
884224
516099
450829
663888
936397
612010
228359
901985
724892
94536
989190
726424
103154
125999
903165
164797
885262
827205
551394
753172
126755
372944
16830
725967
889626
859845
592237
862840
721348
314270
291773
809951
862090
39595
124644
759877
297876
158391
926181
245668
405406
705913
565482
568946
554779
823762
693780
149466
417356
63322
378803
46543
811123
985279
991113
235457
576220
410819
882192
221576
475502
607235
793736
131657
123638
638618
576046
704531
156996
280596
152403
70854
970212
776096
27173
566392
156364
680124
278726
916849
727442
497330
788573
907857
715086
176111
456268
509644
713862
876068
221541
268146
965294
163699
806261
885048
875637
47769
347772
952421
176493
498149
935701
783147
186486
427071
886484
357770
213676
797998
672304
13244
649443
757790
382846
436760
844214
911546
146719
806703
698306
679638
546536
904708
813765
249575
552831
215752
517952
596291
301591
727599
201269
886990
365308
139241
545935
832908
391611
576772
600039
459783
806809
522510
480541
133443
852636
876066
451199
82161
655133
725271
462881
407283
216028
453621
658443
40153
447186
146282
430279
452387
407099
516227
151774
418360
453640
100578
701937
252639
305700
590698
673908
374741
943925
536127
522637
560263
40303
903824
570352
930033
751124
260179
689077
560905
94817
651863
426380
261111
198941
169635
991980
407352
896878
942170
619239
25119
943974
190003
513221
971075
99890
927351
705445
685742
888492
675424
351033
277811
642011
93758
127900
725882
849932
758351
97998
984274
467659
737159
821449
643152
654203
9979
967589
